50 80
31 74
31 18
12 63
16 32
34 3
10 75
3 2
14 34
45 8
21 26
16 5
38 25
5 66
10 56
36 54
6 46
6 13
7 27
37 54
28 23
27 71
44 15
32 62
10 10
26 15
19 73
40 7
9 59
30 30
5 77
21 29
11 76
39 24
19 74
42 4
47 75
27 54
24 22
25 50
12 51
15 77
25 63
26 11
43 29
3 60
18 47
8 40
18 13
33 52
12 62
46 44
38 14
6 70
14 4
34 0
39 25
18 53
11 11
14 55
19 10
16 35
41 3
31 13
22 31
46 42
35 53
13 60
27 11
15 26
14 48
24 62
16 79
43 44
39 73
12 55
23 67
45 21
19 25
2 46
32 72
21 6
2 48
48 11
25 69
6 68
1 2
5 37
6 73
22 0
46 73
41 20
10 9
1 28
39 58
16 39
12 1
39 54
43 42
8 69
3 16
29 1
47 43
22 16
3 25
18 20
11 62
28 62
12 12
28 78
12 8
22 45
25 16
22 77
44 33
45 1
39 22
5 71
25 68
18 36
25 32
16 67
38 48
33 53
39 56
0 52
38 21
1 42
21 59
26 0
0 5
11 73
15 25
43 3
34 11
49 30
33 40
0 1
45 63
10 63
8 26
5 50
13 6
12 38
19 22
18 78
21 22
3 73
24 53
30 21
22 44
39 31
18 25
47 47
48 65
43 17
15 70
15 74
6 1
25 4
26 79
24 29
32 77
9 63
33 50
39 44
3 70
33 7
44 71
25 28
27 55
46 6
28 44
22 7
20 54
30 73
1 68
41 6
10 17
38 0
7 79
48 25
44 8
42 24
35 9
5 65
2 70
7 32
37 69
35 21
14 71
44 26
23 50
41 42
10 8
47 21
13 16
5 28
11 45
5 79
20 38
14 2
24 5
0 31
31 75
28 53
48 6
11 10
13 10
5 51
48 30
46 76
8 39
23 65
21 14
26 57
8 51
36 8
47 73
49 42
26 78
10 21
49 14
34 74
11 78
12 15
10 18
32 51
8 8
43 39
7 39
33 30
44 36
1 39
34 71
28 60
38 41
47 16
48 67
45 51
10 46
43 73
44 9
32 66
29 78
41 41
45 79
13 9
12 79
1 17
29 65
3 61
45 74
7 47
3 51
41 27
6 49
23 1
0 15
26 47
36 48
31 12
16 58
42 77
38 74
3 47
43 34
29 19
34 13
29 13
19 35
48 56
46 26
45 54
6 66
46 68
27 12
45 49
29 17
25 1
10 78
40 26
6 36
38 63
3 55
35 24
32 67
47 71
18 40
16 13
47 78
16 36
23 31
26 59
41 36
6 47
26 26
32 24
13 45
30 6
2 43
13 22
40 66
6 30
47 66
9 8
7 66
27 10
40 36
44 79
49 2
4 75
37 16
23 68
33 51
17 33
47 72
9 27
6 55
31 35
9 28
5 23
20 12
8 79
23 34
32 25
44 38
22 58
15 62
47 44
18 49
26 60
45 68
40 21
23 16
0 49
1 47
2 47
8 47
18 79
2 28
7 24
6 53
42 57
3 33
23 48
36 73
5 59
33 60
4 37
5 73
28 46
40 14
14 0
36 36
24 41
18 8
35 14
22 41
25 15
27 7
2 50
46 34
4 24
44 61
19 7
30 0
27 17
18 67
13 13
36 43
11 72
10 32
41 37
2 67
12 35
21 11
33 3
38 4
5 52
17 74
36 37
14 14
24 50
13 38
23 66
9 68
23 10
26 4
12 66
37 45
31 8
13 23
41 71
8 62
17 34
30 64
44 68
31 72
8 68
34 14